144998
124575
141200
164732
188642
173163
179984
181653
161304
153923
147601
189533
177765
143643
100431
122414
169360
179738
162405
143675
121391
171408
139157
180361
101119
160536
127491
138887
142016
187217
199056
188503
146612
130287
168649
157365
116406
148134
170501
162219
131420
187667
104462
192511
119130
167384
187666
173547
103479
176004
197739
102585
123813
162645
183659
114223
121227
129355
110157
196168
182042
157793
120396
175755
158267
159491
117510
114075
166142
158469
192708
119497
197745
167512
182771
178930
199962
119294
185510
119200
171459
126175
170826
191411
135019
120811
130270
116222
156523
130417
172002
141990
138185
143329
104217
176761
104159
141851
156534
109957