1000 1008 1007 1000
1008 1006 1000 1006
1005 6628 1006 1000
1001 2539 1009 1004
3505 1008 1000 1000
1007 1007 1000 1000
1002 1003 1004 1002
1005 1002 1002 1000
1002 1002 1001 1009
1009 1006 1007 1004
1002 8336 1001 1009
4298 1000 1004 1001
1009 1000 1000 1007
1003 1005 1004 1007
1009 1003 1008 1001
1002 1003 1006 1002
1000 6835 8332 1004
2044 1005 1000 1007
1008 1004 9699 1005
1005 1000 1003 1003
1002 1001 2462 1000
1006 1005 1003 1009
1001 1004 3879 1006
8641 1003 1002 1008
1009 1006 1001 1008
1001 1000 1009 7981
1002 1006 1000 1008
4539 7844 1008 1005
1004 1005 1003 1005
1008 1000 1000 1008
1001 1002 1006 1003
1002 1000 1009 1005
1001 1005 1008 1002
1007 1001 1007 1009
1003 1009 1007 1003
1003 2483 6153 1004
1001 1007 1007 1006
1009 1003 1003 1007
1006 1004 1004 1007
1008 1005 1001 1006
1003 1002 1003 1003
1005 1009 1005 6040
1000 1001 1003 1006
1007 1008 5062 1001
3377 1005 1001 1000
1005 1003 1006 1008
1007 1001 1003 1005
1004 1000 1007 1007
1000 1003 1003 1005
1003 1000 1008 1006