93 44 96 14
86 60 51 18
15 14 51 80
86 30 87 85
62 21 53 82
99 58 55 30
66 54 42 70
90 33 31 53
44 74 36 91
75 15 66 42
16 29 65 57
90 40 52 25
64 87 24 26
40 24 69 30
84 64 85 31
10 45 65 88
68 38 50 58
97 92 50 79
26 19 31 21
59 13 97 77
12 75 71 62
35 10 26 46
68 52 68 56
29 98 52 35
21 65 66 15
25 73 90 10
85 28 96 45
64 76 36 59
61 20 10 23
54 27 14 27
62 82 56 30
27 93 32 87
95 89 45 38
34 81 42 25
12 34 17 34
92 88 98 16
43 94 23 17
20 28 19 19
41 39 43 59
74 73 12 78
50 25 82 53
46 88 34 31
39 11 73 14
83 37 43 18
49 36 63 32
61 11 54 22
24 57 45 76
43 61 74 24
33 78 35 72
93 37 79 23
65 48 91 83
89 96 11 38
15 78 29 82
52 84 56 37
38 40 13 49
71 98 34 38
17 40 22 41
92 47 88 12
81 51 21 41
31 44 55 17
59 16 13 49
48 74 66 94
95 48 92 70
11 42 29 12
67 20 63 93
27 30 33 71
95 28 18 99
23 36 42 32
60 35 41 79
50 84 37 22
19 46 57 24
46 91 14 47
95 13 81 56
41 63 76 43
19 18 54 26
58 83 69 51
72 45 77 97
67 16 32 33
90 33 46 21
75 37 73 62
16 86 80 84
55 23 91 60
20 17 70 83
26 79 44 35
20 98 53 39
96 69 87 69
44 72 71 77
15 80 99 94
61 60 99 58
13 78 68 57
27 94 36 75
25 70 47 22
28 89 39 39
55 72 22 80
76 81 47 49
28 67 18 40
64 29 48 32
97 89 67 63
85 11 77 86