2290
4470
9916
6524
8004
2125
3208
7922
4269
5381
6456
6897
8203
8010
2367
8164
2763
7632
1542
4165
6568
5985
2358
2047
3130
5092
5589
8891
2450
6117
8271
1801
3762
3641
1913
6805
5776
4418
9635
2829
6571
7339
6546
2572
9032
9214
7627
8634
7974
3573
7499
8361
6314
3534
6828
1080
1100
4195
7330
8586
9850
8350
8252
2065
4520
5836
3139
5009
4378
2517
9695
7781
3506
6972
4167
8252
6501
8887
3884
8585
5060
4667
5696
7379
7094
6268
1192
9815
5710
6037
3495
1454
3438
8474
3212
6529
1654
3573
3529
3568
8722
2369
7916
2401
1639
4893
8255
2825
5140
4935
4158
7623
1179
8780
9306
8112
2868
4208
2204
1769
9791
5863
9189
9914
6755
3030
5924
2040
2254
5694
3212
8174
8161
5155
3435
5083
8262
7269
7728
1967
6121
9028
3270
8020
7602
8995
1417
8411
5492
9653
7246
8301
9204
3644
3280
2162
8784
9884
4076
4166
1108
3130
2704
8066
6965
1923
2649
2957
8858
6136
9315
8113
8580
7254
7443
3780
7568
1038
6594
8102
3326
8450
8075
2663
5416
1822
8615
8596
9523
1409
5536
6373
9368
8409
1981
8768
8898
8374
7989
3512