27714684
27190146
27222617
27128461
27620443
27913431
27173871
27536645
27904182
27551257
27781817
27854629
27450054
27008462
27150420
27348961
27975400
27911357
27761127
27576540
27447220
27444950
27837713
27927329
27598543
27579479
27815728
27503328
27449411
27533356
27421505
27249105
27634772
27308565
27187488
27085250
27766155
27931772
27129930
27454314
27702484
27652084
27464870
27803451
27498900
27394084
27161538
27720430
27851686
27937844
27362469
27760423
27759557
27493863
27220703
27700947
27399718
27211080
27571389
27528833
27730107
27090236
27732598
27986792
27401287
27486742
27674181
27081425
27940370
27109940
27206747
27601416
27262713
27306118
27067913
27417455
27248141
27450962
27783334
27983548
27680391
27822888
27503329
27678023
27158375
27069622
27365253
27315105
27367642
27866631
27282961
27602879
27900611
27623255
27313859
27620813
27619659
27981233
27492066
27131921
27176037
27501253
27069478
27836429
27798417
27580167
27588529
27454550
27011971
27794049
27258025
27183359
27191240
27241696
27891665
27849929
27227036
27394693
27268396
27662305
27355641
27253112
27498274
27974825
27047155
27973803
27404811
27700057
27590243
27305101
27303060
27081813
27292552
27749150
27241039
27167989
27107127
27445074
27312691
27082509
27013453
27069088
27664470
27774787
27470793
27525430
27150239
27687732
27786565
27991311
27932992
27965583
27309752
27678586
27960479
27169449
27218623
27311214
27953164
27699775
27607379
27986661
27494503
27049288
27763270
27131435
27791939
27233871
27261372
27826739
27581235
27460247
27695184
27605738
27935974
27383755
27591408
27644413
27063292
27766339
27770729
27366985
27245944
27127615
27938868
27762458
27460812
27249189
27965806
27678561
27440629
27435636
27130586
27841251
27627151
27859507
27685979
27860422
27750388
27450613
27476561
27865806
27816393
27842993
27589363
27519825
27055704
27456994
27631402
27736321
27067914
27553456
27281820
27456479
27554522
27769452
27057833
27240132
27352825
27108846
27516871
27428821
27939977
27866440
27366548
27157626
27188654
27333173
27220534
27634980
27522956
27146016
27351792
27027710
27561335
27407093
27738837
27044507
27937727
27691967
27650438
27227408
27185428
27242862
27890185
27102125
27069069
27553711
27148333
27823434
27885831
27329798
27310331
27930069
27209178
27740238
27087067
27605659
27756997
27525649
27336031
27233698
27698679
27309215
27751264
27617557
27104014
27762786
27260279
27338395
27368992
27489388
27581026
27541245
27803732
27101071
27823411
27598919
27068149
27077323
27026972
27558028
27801916
27790416
27068664
27582442
27204618
27171292
27980623
27155823
27664318
27605885
27813601
27756448
27822092
27126155
27604561
27942446
27916262
27036005
27895284
27724299
27939349
27033248
27126867
27134845
27954409
27732605
27024491
27889916
27271354
27420414
27879337
27889372
27154361
27580318
27957562
27435304
27307928
27607476
27146957
27527447
27380731
27723228
27876525
27074150
27710130
27873266
27383888
27617374
27365079
27358820
27179487
27086753
27342706
27820051
27667932
27828601
27084609
27186296
27571466
27758931
27557107
27732017
27647519
27808685
27983524
27783051
27327411
27016262
27286871
27984224
27511541
27329078
27542853
27417635
27905482
27687024
27366577
27397981
27978021
27261763
27733833
27694195
27640333
27582186
27470993
27216668
27888031
27466557
27924137
27409868
27978792
27038972
27726184
27690114
27290333
27178426
27039908
27123244
27139530
27535968
27568551
27355726
27312751
27329129
27062088
27956466
27808438
27929974
27996030
27363322
27584095
27587448
27049183
27137394
27166526
27257249
27384667
27307701
27843518
27871982
27512666
27924172
27355122
27168120
27627148
27659228
27937206
27755354
27709917
27923824
27163304
27191232
27192712
27151912
27840677
27550851
27501422
27459305
27259028
27112234
27895564
27755847
27918520
27606927
27497791
27071929
27492786
27724283
27952965
27438100
27449125
27129901
27704862
27048897
27285209
27107932
27069599
27084490
27483723
27944050
27549289
27692681
27821275
27656604
27922000
27166101
27668122
27863410
27843687
27515531
27365777
27802146
27674123
27156071
27759333
27929323
27451900
27590729
27378838
27558819
27016330
27904484
27743915
27135104
27743610
27119113
27820580
27194994
27020037
27758955
27138283
27582478
27130094
27486333
27545335
27109924
27389249
27961704
27721993
27537565
27202048
27605461
27342856
27677894
27093445
27459276
27594997
27463610
27650647
27884609
27160760
27515385
27267151
27134078
27017549
27317508
27830777
27352730